        1100
        1101
        1102
        1103
        1104
        1105
        1106
        1107
        1108
        1109
        1110
        1111
        1112
        1113
        1114
        1115
        1116
        1117
        1118
        1119
        1120
        1121
        1122
        1123
        1124
        1125
        1126
        1127
        1128
        1129
        1130
        1131
        1132
        1133
        1134
        1135
        1136
        1137
        1138
        1139
        1140
        1141
        1142
        1143
        1144
        1145
        1146
        1147
        1148
        1149
        1150
        1151
        1152
        1153
        1154
        1155
        1156
        1157
        1158
        1159
        1160
        1161
        1162
        1163
        1164
        1165
        1166
        1167
        1168
        1169
        1170
        1171
        1172
        1173
        1174
        1175
        1176
        1177
        1178
        1179
        1180
        1181
        1182
        1183
        1184
        1185
        1186
        1187
        1188
        1189
        1190
        1191
        1192
        1193
        1194
        1195
        1196
        1197
        1198
        1199
        1200
        1201
        1202
        1203
        1204
        1205
        1206
        1207
        1208
        1209
        1210
        1211
        1212
        1213
        1214
        1215
        1216
        1217
        1218
        1219
        1220
        1221
        1222
        1223
        1224
        1225
        1226
        1227
        2100
        2101
        2102
        2103
        2104
        2105
        2106
        2107
        2108
        2109
        2110
        2111
        2112
        2113
        2114
        2115
        2116
        2117
        2118
        2119
        2120
        2121
        2122
        2123
        2124
        2125
        2126
        2127
        2128
        2129
        2130
        2131
        2132
        2133
        2134
        2135
        2136
        2137
        2138
        2139
        2140
        2141
        2142
        2143
        2144
        2145
        2146
        2147
        2148
        2149
        2150
        2151
        2152
        2153
        2154
        2155
        2156
        2157
        2158
        2159
        2160
        2161
        2162
        2163
        2164
        2165
        2166
        2167
        2168
        2169
        2170
        2171
        2172
        2173
        2174
        2175
        2176
        2177
        2178
        2179
        2180
        2181
        2182
        2183
        2184
        2185
        2186
        2187
        2188
        2189
        2190
        2191
        2192
        2193
        2194
        2195
        2196
        2197
        2198
        2199
        2200
        2201
        2202
        2203
        2204
        2205
        2206
        2207
        2208
        2209
        2210
        2211
        2212
        2213
        2214
        2215
        2216
        2217
        2218
        2219
        2220
        2221
        2222
        2223
        2224
        2225
        2226
        2227
        3100
        3101
        3102
        3103
        3104
        3105
        3106
        3107
        3108
        3109
        3110
        3111
        3112
        3113
        3114
        3115
        3116
        3117
        3118
        3119
        3120
        3121
        3122
        3123
        3124
        3125
        3126
        3127
        3128
        3129
        3130
        3131
        3132
        3133
        3134
        3135
        3136
        3137
        3138
        3139
        3140
        3141
        3142
        3143
        3144
        3145
        3146
        3147
        3148
        3149
        3150
        3151
        3152
        3153
        3154
        3155
        3156
        3157
        3158
        3159
        3160
        3161
        3162
        3163
        3164
        3165
        3166
        3167
        3168
        3169
        3170
        3171
        3172
        3173
        3174
        3175
        3176
        3177
        3178
        3179
        3180
        3181
        3182
        3183
        3184
        3185
        3186
        3187
        3188
        3189
        3190
        3191
        3192
        3193
        3194
        3195
        3196
        3197
        3198
        3199
        3200
        3201
        3202
        3203
        3204
        3205
        3206
        3207
        3208
        3209
        3210
        3211
        3212
        3213
        3214
        3215
        3216
        3217
        3218
        3219
        3220
        3221
        3222
        3223
        3224
        3225
        3226
        3227
        4100
        4101
        4102
        4103
        4104
        4105
        4106
        4107
        4108
        4109
        4110
        4111
        4112
        4113
        4114
        4115
        4116
        4117
        4118
        4119
        4120
        4121
        4122
        4123
        4124
        4125
        4126
        4127
        4128
        4129
        4130
        4131
        4132
        4133
        4134
        4135
        4136
        4137
        4138
        4139
        4140
        4141
        4142
        4143
        4144
        4145
        4146
        4147
        4148
        4149
        4150
        4151
        4152
        4153
        4154
        4155
        4156
        4157
        4158
        4159
        4160
        4161
        4162
        4163
        4164
        4165
        4166
        4167
        4168
        4169
        4170
        4171
        4172
        4173
        4174
        4175
        4176
        4177
        4178
        4179
        4180
        4181
        4182
        4183
        4184
        4185
        4186
        4187
        4188
        4189
        4190
        4191
        4192
        4193
        4194
        4195
        4196
        4197
        4198
        4199
        4200
        4201
        4202
        4203
        4204
        4205
        4206
        4207
        4208
        4209
        4210
        4211
        4212
        4213
        4214
        4215
        4216
        4217
        4218
        4219
        4220
        4221
        4222
        4223
        4224
        4225
        4226
        4227
        5100
        5101
        5102
        5103
        5104
        5105
        5106
        5107
        5108
        5109
        5110
        5111
        5112
        5113
        5114
        5115
        5116
        5117
        5118
        5119
        5120
        5121
        5122
        5123
        5124
        5125
        5126
        5127
        5128
        5129
        5130
        5131
        5132
        5133
        5134
        5135
        5136
        5137
        5138
        5139
        5140
        5141
        5142
        5143
        5144
        5145
        5146
        5147
        5148
        5149
        5150
        5151
        5152
        5153
        5154
        5155
        5156
        5157
        5158
        5159
        5160
        5161
        5162
        5163
        5164
        5165
        5166
        5167
        5168
        5169
        5170
        5171
        5172
        5173
        5174
        5175
        5176
        5177
        5178
        5179
        5180
        5181
        5182
        5183
        5184
        5185
        5186
        5187
        5188
        5189
        5190
        5191
        5192
        5193
        5194
        5195
        5196
        5197
        5198
        5199
        5200
        5201
        5202
        5203
        5204
        5205
        5206
        5207
        5208
        5209
        5210
        5211
        5212
        5213
        5214
        5215
        5216
        5217
        5218
        5219
        5220
        5221
        5222
        5223
        5224
        5225
        5226
        5227
        6100
        6101
        6102
        6103
        6104
        6105
        6106
        6107
        6108
        6109
        6110
        6111
        6112
        6113
        6114
        6115
        6116
        6117
        6118
        6119
        6120
        6121
        6122
        6123
        6124
        6125
        6126
        6127
        6128
        6129
        6130
        6131
        6132
        6133
        6134
        6135
        6136
        6137
        6138
        6139
        6140
        6141
        6142
        6143
        6144
        6145
        6146
        6147
        6148
        6149
        6150
        6151
        6152
        6153
        6154
        6155
        6156
        6157
        6158
        6159
        6160
        6161
        6162
        6163
        6164
        6165
        6166
        6167
        6168
        6169
        6170
        6171
        6172
        6173
        6174
        6175
        6176
        6177
        6178
        6179
        6180
        6181
        6182
        6183
        6184
        6185
        6186
        6187
        6188
        6189
        6190
        6191
        6192
        6193
        6194
        6195
        6196
        6197
        6198
        6199
        6200
        6201
        6202
        6203
        6204
        6205
        6206
        6207
        6208
        6209
        6210
        6211
        6212
        6213
        6214
        6215
        6216
        6217
        6218
        6219
        6220
        6221
        6222
        6223
        6224
        6225
        6226
        6227
        7100
        7101
        7102
        7103
        7104
        7105
        7106
        7107
        7108
        7109
        7110
        7111
        7112
        7113
        7114
        7115
        7116
        7117
        7118
        7119
        7120
        7121
        7122
        7123
        7124
        7125
        7126
        7127
        7128
        7129
        7130
        7131
        7132
        7133
        7134
        7135
        7136
        7137
        7138
        7139
        7140
        7141
        7142
        7143
        7144
        7145
        7146
        7147
        7148
        7149
        7150
        7151
        7152
        7153
        7154
        7155
        7156
        7157
        7158
        7159
        7160
        7161
        7162
        7163
        7164
        7165
        7166
        7167
        7168
        7169
        7170
        7171
        7172
        7173
        7174
        7175
        7176
        7177
        7178
        7179
        7180
        7181
        7182
        7183
        7184
        7185
        7186
        7187
        7188
        7189
        7190
        7191
        7192
        7193
        7194
        7195
        7196
        7197
        7198
        7199
        7200
        7201
        7202
        7203
        7204
        7205
        7206
        7207
        7208
        7209
        7210
        7211
        7212
        7213
        7214
        7215
        7216
        7217
        7218
        7219
        7220
        7221
        7222
        7223
        7224
        7225
        7226
        7227
        8100
        8101
        8102
        8103
        8104
        8105
        8106
        8107
        8108
        8109
        8110
        8111
        8112
        8113
        8114
        8115
        8116
        8117
        8118
        8119
        8120
        8121
        8122
        8123
        8124
        8125
        8126
        8127
        8128
        8129
        8130
        8131
        8132
        8133
        8134
        8135
        8136
        8137
        8138
        8139
        8140
        8141
        8142
        8143
        8144
        8145
        8146
        8147
        8148
        8149
        8150
        8151
        8152
        8153
        8154
        8155
        8156
        8157
        8158
        8159
        8160
        8161
        8162
        8163
        8164
        8165
        8166
        8167
        8168
        8169
        8170
        8171
        8172
        8173
        8174
        8175
        8176
        8177
        8178
        8179
        8180
        8181
        8182
        8183
        8184
        8185
        8186
        8187
        8188
        8189
        8190
        8191
        8192
        8193
        8194
        8195
        8196
        8197
        8198
        8199
        8200
        8201
        8202
        8203
        8204
        8205
        8206
        8207
        8208
        8209
        8210
        8211
        8212
        8213
        8214
        8215
        8216
        8217
        8218
        8219
        8220
        8221
        8222
        8223
        8224
        8225
        8226
        8227
        1001
        1002
      901000
      901001
      901002
      901003
      901004
      901005
      901006
      901007
      901008
      901009
      901010
      901011
      901012
      901013
      901014
      901015
      901016
      901017
      901018
      901019
      901020
      901021
      901022
      901023
      901024
      901025
      901026
      901027
      901028
      901029
      901030
      901031
      901032
      901033
      901034
      901035
      901036
      901037
      901038
      901039
      901040
      901041
      901042
      901043
      901044
      901045
      901046
      901047
      901048
      901049
      901050
      901051
      901052
      901053
      901054
      901055
      901056
      901057
      901058
      901059
      901060
      901061
      901062
      901063
      901064
      901065
      901066
      901067
      901068
      901069
      901070
      901071
      901072
      901073
      901074
      901075
      901076
      901077
      901078
      901079
      901080
      901081
      901082
      901083
      901084
      901085
      901086
      901087
      901088
      901089
      901090
      901091
      901092
      901093
      901094
      901095
      901096
      901097
      901098
      901099
      901100
      901101
      901102
      901103
      901104
      901105
      901106
      901107
      901108
      901109
      901110
      901111
      901112
      901113
      901114
      901115
      901116
      901117
      901118
      901119
      902000
      902001
      902002
      902003
      902004
      902005
      902006
      902007
      902008
      902009
      902010
      902011
      902012
      902013
      902014
      902015
      902016
      902017
      902018
      902019
      902020
      902021
      902022
      902023
      902024
      902025
      902026
      902027
      902028
      902029
      902030
      902031
      902032
      902033
      902034
      902035
      902036
      902037
      902038
      902039
      902040
      902041
      902042
      902043
      902044
      902045
      902046
      902047
      902048
      902049
      902050
      902051
      902052
      902053
      902054
      902055
      902056
      902057
      902058
      902059
      902060
      902061
      902062
      902063
      902064
      902065
      902066
      902067
      902068
      902069
      902070
      902071
      902072
      902073
      902074
      902075
      902076
      902077
      902078
      902079
      902080
      902081
      902082
      902083
      902084
      902085
      902086
      902087
      902088
      902089
      902090
      902091
      902092
      902093
      902094
      902095
      902096
      902097
      902098
      902099
      902100
      902101
      902102
      902103
      902104
      902105
      902106
      902107
      902108
      902109
      902110
      902111
      902112
      902113
      902114
      902115
      902116
      902117
      902118
      902119
      903000
      903001
      903002
      903003
      903004
      903005
      903006
      903007
      903008
      903009
      903010
      903011
      903012
      903013
      903014
      903015
      903016
      903017
      903018
      903019
      903020
      903021
      903022
      903023
      903024
      903025
      903026
      903027
      903028
      903029
      903030
      903031
      903032
      903033
      903034
      903035
      903036
      903037
      903038
      903039
      903040
      903041
      903042
      903043
      903044
      903045
      903046
      903047
      903048
      903049
      903050
      903051
      903052
      903053
      903054
      903055
      903056
      903057
      903058
      903059
      903060
      903061
      903062
      903063
      903064
      903065
      903066
      903067
      903068
      903069
      903070
      903071
      903072
      903073
      903074
      903075
      903076
      903077
      903078
      903079
      903080
      903081
      903082
      903083
      903084
      903085
      903086
      903087
      903088
      903089
      903090
      903091
      903092
      903093
      903094
      903095
      903096
      903097
      903098
      903099
      903100
      903101
      903102
      903103
      903104
      903105
      903106
      903107
      903108
      903109
      903110
      903111
      903112
      903113
      903114
      903115
      903116
      903117
      903118
      903119
      904000
      904001
      904002
      904003
      904004
      904005
      904006
      904007
      904008
      904009
      904010
      904011
      904012
      904013
      904014
      904015
      904016
      904017
      904018
      904019
      904020
      904021
      904022
      904023
      904024
      904025
      904026
      904027
      904028
      904029
      904030
      904031
      904032
      904033
      904034
      904035
      904036
      904037
      904038
      904039
      904040
      904041
      904042
      904043
      904044
      904045
      904046
      904047
      904048
      904049
      904050
      904051
      904052
      904053
      904054
      904055
      904056
      904057
      904058
      904059
      904060
      904061
      904062
      904063
      904064
      904065
      904066
      904067
      904068
      904069
      904070
      904071
      904072
      904073
      904074
      904075
      904076
      904077
      904078
      904079
      904080
      904081
      904082
      904083
      904084
      904085
      904086
      904087
      904088
      904089
      904090
      904091
      904092
      904093
      904094
      904095
      904096
      904097
      904098
      904099
      904100
      904101
      904102
      904103
      904104
      904105
      904106
      904107
      904108
      904109
      904110
      904111
      904112
      904113
      904114
      904115
      904116
      904117
      904118
      904119
      905000
      905001
      905002
      905003
      905004
      905005
      905006
      905007
      905008
      905009
      905010
      905011
      905012
      905013
      905014
      905015
      905016
      905017
      905018
      905019
      905020
      905021
      905022
      905023
      905024
      905025
      905026
      905027
      905028
      905029
      905030
      905031
      905032
      905033
      905034
      905035
      905036
      905037
      905038
      905039
      905040
      905041
      905042
      905043
      905044
      905045
      905046
      905047
      905048
      905049
      905050
      905051
      905052
      905053
      905054
      905055
      905056
      905057
      905058
      905059
      905060
      905061
      905062
      905063
      905064
      905065
      905066
      905067
      905068
      905069
      905070
      905071
      905072
      905073
      905074
      905075
      905076
      905077
      905078
      905079
      905080
      905081
      905082
      905083
      905084
      905085
      905086
      905087
      905088
      905089
      905090
      905091
      905092
      905093
      905094
      905095
      905096
      905097
      905098
      905099
      905100
      905101
      905102
      905103
      905104
      905105
      905106
      905107
      905108
      905109
      905110
      905111
      905112
      905113
      905114
      905115
      905116
      905117
      905118
      905119
      906000
      906001
      906002
      906003
      906004
      906005
      906006
      906007
      906008
      906009
      906010
      906011
      906012
      906013
      906014
      906015
      906016
      906017
      906018
      906019
      906020
      906021
      906022
      906023
      906024
      906025
      906026
      906027
      906028
      906029
      906030
      906031
      906032
      906033
      906034
      906035
      906036
      906037
      906038
      906039
      906040
      906041
      906042
      906043
      906044
      906045
      906046
      906047
      906048
      906049
      906050
      906051
      906052
      906053
      906054
      906055
      906056
      906057
      906058
      906059
      906060
      906061
      906062
      906063
      906064
      906065
      906066
      906067
      906068
      906069
      906070
      906071
      906072
      906073
      906074
      906075
      906076
      906077
      906078
      906079
      906080
      906081
      906082
      906083
      906084
      906085
      906086
      906087
      906088
      906089
      906090
      906091
      906092
      906093
      906094
      906095
      906096
      906097
      906098
      906099
      906100
      906101
      906102
      906103
      906104
      906105
      906106
      906107
      906108
      906109
      906110
      906111
      906112
      906113
      906114
      906115
      906116
      906117
      906118
      906119
      907000
      907001
      907002
      907003
      907004
      907005
      907006
      907007
      907008
      907009
      907010
      907011
      907012
      907013
      907014
      907015
      907016
      907017
      907018
      907019
      907020
      907021
      907022
      907023
      907024
      907025
      907026
      907027
      907028
      907029
      907030
      907031
      907032
      907033
      907034
      907035
      907036
      907037
      907038
      907039
      907040
      907041
      907042
      907043
      907044
      907045
      907046
      907047
      907048
      907049
      907050
      907051
      907052
      907053
      907054
      907055
      907056
      907057
      907058
      907059
      907060
      907061
      907062
      907063
      907064
      907065
      907066
      907067
      907068
      907069
      907070
      907071
      907072
      907073
      907074
      907075
      907076
      907077
      907078
      907079
      907080
      907081
      907082
      907083
      907084
      907085
      907086
      907087
      907088
      907089
      907090
      907091
      907092
      907093
      907094
      907095
      907096
      907097
      907098
      907099
      907100
      907101
      907102
      907103
      907104
      907105
      907106
      907107
      907108
      907109
      907110
      907111
      907112
      907113
      907114
      907115
      907116
      907117
      907118
      907119
      911000
      911001
      911002
      911003
      911004
      911005
      911006
      911007
      911008
      911009
      911010
      911011
      911012
      911013
      911014
      911015
      911016
      911017
      911018
      911019
      911020
      911021
      911022
      911023
      911024
      911025
      911026
      911027
      911028
      911029
      911030
      911031
      911032
      911033
      911034
      911035
      911036
      911037
      911038
      911039
      911040
      911041
      911042
      911043
      911044
      911045
      911046
      911047
      911048
      911049
      911050
      911051
      911052
      911053
      911054
      911055
      911056
      911057
      911058
      911059
      911060
      911061
      911062
      911063
      911064
      911065
      911066
      911067
      911068
      911069
      911070
      911071
      911072
      911073
      911074
      911075
      911076
      911077
      911078
      911079
      911080
      911081
      911082
      911083
      911084
      911085
      911086
      911087
      911088
      911089
      911090
      911091
      911092
      911093
      911094
      911095
      911096
      911097
      911098
      911099
      911100
      911101
      911102
      911103
      911104
      911105
      911106
      911107
      911108
      911109
      911110
      911111
      911112
      911113
      911114
      911115
      911116
      911117
      911118
      911119
      912000
      912001
      912002
      912003
      912004
      912005
      912006
      912007
      912008
      912009
      912010
      912011
      912012
      912013
      912014
      912015
      912016
      912017
      912018
      912019
      912020
      912021
      912022
      912023
      912024
      912025
      912026
      912027
      912028
      912029
      912030
      912031
      912032
      912033
      912034
      912035
      912036
      912037
      912038
      912039
      912040
      912041
      912042
      912043
      912044
      912045
      912046
      912047
      912048
      912049
      912050
      912051
      912052
      912053
      912054
      912055
      912056
      912057
      912058
      912059
      912060
      912061
      912062
      912063
      912064
      912065
      912066
      912067
      912068
      912069
      912070
      912071
      912072
      912073
      912074
      912075
      912076
      912077
      912078
      912079
      912080
      912081
      912082
      912083
      912084
      912085
      912086
      912087
      912088
      912089
      912090
      912091
      912092
      912093
      912094
      912095
      912096
      912097
      912098
      912099
      912100
      912101
      912102
      912103
      912104
      912105
      912106
      912107
      912108
      912109
      912110
      912111
      912112
      912113
      912114
      912115
      912116
      912117
      912118
      912119
      913000
      913001
      913002
      913003
      913004
      913005
      913006
      913007
      913008
      913009
      913010
      913011
      913012
      913013
      913014
      913015
      913016
      913017
      913018
      913019
      913020
      913021
      913022
      913023
      913024
      913025
      913026
      913027
      913028
      913029
      913030
      913031
      913032
      913033
      913034
      913035
      913036
      913037
      913038
      913039
      913040
      913041
      913042
      913043
      913044
      913045
      913046
      913047
      913048
      913049
      913050
      913051
      913052
      913053
      913054
      913055
      913056
      913057
      913058
      913059
      913060
      913061
      913062
      913063
      913064
      913065
      913066
      913067
      913068
      913069
      913070
      913071
      913072
      913073
      913074
      913075
      913076
      913077
      913078
      913079
      913080
      913081
      913082
      913083
      913084
      913085
      913086
      913087
      913088
      913089
      913090
      913091
      913092
      913093
      913094
      913095
      913096
      913097
      913098
      913099
      913100
      913101
      913102
      913103
      913104
      913105
      913106
      913107
      913108
      913109
      913110
      913111
      913112
      913113
      913114
      913115
      913116
      913117
      913118
      913119
      914000
      914001
      914002
      914003
      914004
      914005
      914006
      914007
      914008
      914009
      914010
      914011
      914012
      914013
      914014
      914015
      914016
      914017
      914018
      914019
      914020
      914021
      914022
      914023
      914024
      914025
      914026
      914027
      914028
      914029
      914030
      914031
      914032
      914033
      914034
      914035
      914036
      914037
      914038
      914039
      914040
      914041
      914042
      914043
      914044
      914045
      914046
      914047
      914048
      914049
      914050
      914051
      914052
      914053
      914054
      914055
      914056
      914057
      914058
      914059
      914060
      914061
      914062
      914063
      914064
      914065
      914066
      914067
      914068
      914069
      914070
      914071
      914072
      914073
      914074
      914075
      914076
      914077
      914078
      914079
      914080
      914081
      914082
      914083
      914084
      914085
      914086
      914087
      914088
      914089
      914090
      914091
      914092
      914093
      914094
      914095
      914096
      914097
      914098
      914099
      914100
      914101
      914102
      914103
      914104
      914105
      914106
      914107
      914108
      914109
      914110
      914111
      914112
      914113
      914114
      914115
      914116
      914117
      914118
      914119
      915000
      915001
      915002
      915003
      915004
      915005
      915006
      915007
      915008
      915009
      915010
      915011
      915012
      915013
      915014
      915015
      915016
      915017
      915018
      915019
      915020
      915021
      915022
      915023
      915024
      915025
      915026
      915027
      915028
      915029
      915030
      915031
      915032
      915033
      915034
      915035
      915036
      915037
      915038
      915039
      915040
      915041
      915042
      915043
      915044
      915045
      915046
      915047
      915048
      915049
      915050
      915051
      915052
      915053
      915054
      915055
      915056
      915057
      915058
      915059
      915060
      915061
      915062
      915063
      915064
      915065
      915066
      915067
      915068
      915069
      915070
      915071
      915072
      915073
      915074
      915075
      915076
      915077
      915078
      915079
      915080
      915081
      915082
      915083
      915084
      915085
      915086
      915087
      915088
      915089
      915090
      915091
      915092
      915093
      915094
      915095
      915096
      915097
      915098
      915099
      915100
      915101
      915102
      915103
      915104
      915105
      915106
      915107
      915108
      915109
      915110
      915111
      915112
      915113
      915114
      915115
      915116
      915117
      915118
      915119
      916000
      916001
      916002
      916003
      916004
      916005
      916006
      916007
      916008
      916009
      916010
      916011
      916012
      916013
      916014
      916015
      916016
      916017
      916018
      916019
      916020
      916021
      916022
      916023
      916024
      916025
      916026
      916027
      916028
      916029
      916030
      916031
      916032
      916033
      916034
      916035
      916036
      916037
      916038
      916039
      916040
      916041
      916042
      916043
      916044
      916045
      916046
      916047
      916048
      916049
      916050
      916051
      916052
      916053
      916054
      916055
      916056
      916057
      916058
      916059
      916060
      916061
      916062
      916063
      916064
      916065
      916066
      916067
      916068
      916069
      916070
      916071
      916072
      916073
      916074
      916075
      916076
      916077
      916078
      916079
      916080
      916081
      916082
      916083
      916084
      916085
      916086
      916087
      916088
      916089
      916090
      916091
      916092
      916093
      916094
      916095
      916096
      916097
      916098
      916099
      916100
      916101
      916102
      916103
      916104
      916105
      916106
      916107
      916108
      916109
      916110
      916111
      916112
      916113
      916114
      916115
      916116
      916117
      916118
      916119
      917000
      917001
      917002
      917003
      917004
      917005
      917006
      917007
      917008
      917009
      917010
      917011
      917012
      917013
      917014
      917015
      917016
      917017
      917018
      917019
      917020
      917021
      917022
      917023
      917024
      917025
      917026
      917027
      917028
      917029
      917030
      917031
      917032
      917033
      917034
      917035
      917036
      917037
      917038
      917039
      917040
      917041
      917042
      917043
      917044
      917045
      917046
      917047
      917048
      917049
      917050
      917051
      917052
      917053
      917054
      917055
      917056
      917057
      917058
      917059
      917060
      917061
      917062
      917063
      917064
      917065
      917066
      917067
      917068
      917069
      917070
      917071
      917072
      917073
      917074
      917075
      917076
      917077
      917078
      917079
      917080
      917081
      917082
      917083
      917084
      917085
      917086
      917087
      917088
      917089
      917090
      917091
      917092
      917093
      917094
      917095
      917096
      917097
      917098
      917099
      917100
      917101
      917102
      917103
      917104
      917105
      917106
      917107
      917108
      917109
      917110
      917111
      917112
      917113
      917114
      917115
      917116
      917117
      917118
      917119
       10100
       10101
       10102
       10103
       10104
       10105
       10106
       10107
       10200
       10201
       10202
       10203
       10204
       10205
       10206
       10207
       10300
       10301
       10302
       10303
       10304
       10305
       10306
       10307
       10400
       10401
       10402
       10403
       10404
       10405
       10406
       10407
       10500
       10501
       10502
       10503
       10504
       10505
       10506
       10507
       10600
       10601
       10602
       10603
       10604
       10605
       10606
       10607
       10700
       10701
       10702
       10703
       10704
       10705
       10706
       10707
       10800
       10801
       10802
       10803
       10804
       10805
       10806
       10807
       10900
       10901
       10902
       10903
       10904
       10905
       10906
       10907
