       1
       2
       3
      34
      35
      36
      37
      38
      39
      40
      41
      42
      43
      44
      45
      46
      47
      48
      49
      50
      51
      52
      53
      54
      55
      56
      57
      58
      59
      60
      61
      62
       5
       6
       7
       8
       9
      10
      11
      12
      13
      14
      15
      16
      17
      18
      19
      20
      21
      22
      23
      24
      25
      26
      27
      28
      29
      30
      31
      32
      33
     143
     144
     145
     146
     147
     148
     149
     150
     151
     152
     153
     154
     155
     156
     157
     158
     159
     160
     161
     162
     163
     164
     165
     166
     167
     168
     169
     170
     171
     172
     173
     174
     175
     176
     177
     178
     179
     180
     181
     182
     183
     184
     185
     186
     187
     188
     189
     190
     191
     192
     193
     194
     195
     196
     197
     198
     199
     200
     201
     202
     203
     204
     205
     206
     207
     208
     209
     210
     211
     212
     213
     214
     250
     249
     248
     247
     246
     245
     244
     243
     242
     241
     240
     239
     238
     237
     236
     235
     234
     233
     232
     231
     230
     229
     228
     227
     226
     225
     224
     223
     222
     221
     220
     219
     218
     217
     216
     215
     286
     285
     284
     283
     282
     281
     280
     279
     278
     277
     276
     275
     274
     273
     272
     271
     270
     269
     268
     267
     266
     265
     264
     263
     262
     261
     260
     259
     258
     257
     256
     255
     254
     253
     252
     251
     322
     321
     320
     319
     318
     317
     316
     315
     314
     313
     312
     311
     310
     309
     308
     307
     306
     305
     304
     303
     302
     301
     300
     299
     298
     297
     296
     295
     294
     293
     292
     291
     290
     289
     288
     287
     358
     357
     356
     355
     354
     353
     352
     351
     350
     349
     348
     347
     346
     345
     344
     343
     342
     341
     340
     339
     338
     337
     336
     335
     334
     333
     332
     331
     330
     329
     328
     327
     326
     325
     324
     323
     142
     141
     140
     139
     138
     137
     136
     135
     134
     133
     132
     131
     130
     129
     128
     127
     126
     125
     124
     123
     122
     121
     120
     119
     118
     117
     116
     115
     114
     113
     112
     111
     110
     109
     108
     107
     106
     105
     104
     103
     102
     101
     100
      99
      98
      97
      96
      95
      94
      93
      92
      91
      90
      89
      88
      87
      86
      85
      84
      83
      82
      81
      80
      79
      78
      77
      76
      75
      74
      73
      72
      71
      70
      69
      68
      67
      66
      65
      64
      63
     359
     360
     361
     362
     363
     364
     365
     366
     367
     368
     369
     370
     371
     372
     373
     374
     375
     376
     377
     378
     379
     380
     381
     382
     383
     384
     385
     386
     387
     388
     389
     390
     391
     392
     393
     394
     395
     396
     397
     398
     399
     400
     401
     402
     403
     404
     405
     406
     407
     408
     409
     410
     411
     412
     413
     414
     415
     416
     417
     418
     419
     420
     421
     422
     423
     424
     425
     426
     427
     428
     429
     430
     431
     432
     433
     434
     435
     436
     437
     438
